Accuracy: 0.8820671378091873
Precision: 0.7780424356028918
Recall: 0.8820671378091873
F1 Score: 0.826795622719994
ROC AUC: Not computable
