Accuracy: 0.7897526501766784
Precision: 0.7856487005675931
Recall: 0.7897526501766784
F1 Score: 0.7876351966497759
ROC AUC: Not computable
